0.54339030222024609
0.50119802876578379
0.54469129244275194
0.62809895344250621
0.68818046500554897
0.72550806326065609
0.74696296500780535
0.76056699016707585
0.77174350215920529
0.7780636661491529
0.78437949004278573
0.7870243283721764
0.78984409475209638
0.79312132120755674
0.79473598780086496
0.79932759651053931
0.80183897070423549
0.80422612226079193
0.80656751415009631
0.8086263568352311
0.81227663756189272
0.81274893853357078
0.81513235084099067
0.81752178740083803
0.81920765568889053
0.82099017910754735
0.82176462881847168
0.82100195728481129
0.82398016579713529
0.82474549753385817
0.82545075830090953
0.826126594305156
0.82611749928550426
0.82621204335600396
0.82647052322387204
0.82625528095850731
0.82624073704178835
0.82664724507949972
0.82673538243279121
0.82537327183363729
0.8253228842150202
0.8276059680156802
0.82672811001407998
0.82730179582745433
0.82747620416406409
0.8277178545523558
0.82809784875736858
0.82957229306064151
0.83053720909097606
0.83024146844511826
0.83170832334571243
0.83350915075514753
0.83362797386174381
0.83539008420091265
0.83695197764448459
0.83921763174670039
0.84116406378769382
0.84388714494920503
0.84574711944254066
0.84635706356152696
0.84844846735957802
0.84989733361796582
0.85205531333739859
0.85349821709448781
0.85390847210096854
0.85467794503091965
0.85391185619090704
0.85324285416805723
0.84764671267045377
0.84186474006733181
0.82905685281372898
0.80416242001323479
0.75372572505421953
0.65963414147697719
0.55467323726732642
