0.69838446407675348
0.63263209226591444
0.5458753415322124
0.51944549257171091
0.51535956482349676
0.51277939631833913
0.5154149345577288
0.52574973321582708
0.54311067885126663
0.56472005028603889
0.58920993156605472
0.61604196164612501
0.64187995818446852
0.6663466323759708
0.68956233551202351
0.71043960035237008
0.72876542858140081
0.7451855316517777
0.7588591570117823
0.7712734044137346
0.78208182233592716
0.79174847840899254
0.79930975507196389
0.80617995453895808
0.81140899020262558
0.81545232026079018
0.81893807680502106
0.82159647554210102
0.8223008729164647
0.82198972655372649
0.82235596593005389
0.8219126426381268
0.82109260370054171
0.81987620905289427
0.81713344676470734
0.81420194542489388
0.81105603596552633
0.80781553875969947
0.80452779053632284
0.79997811867009505
0.79524410497927656
0.79015803178929156
0.78399757128613823
0.77670811054446598
0.76874656973261146
0.76033397549186166
0.74982078525331741
0.74033975338240676
0.72998830168378925
0.71702103224393654
0.70369963924834178
0.69051886701397758
0.67443624366139887
0.658494938619824
0.64113340688373688
0.62390633695224662
0.60600311546382168
0.58871002845979925
0.57194286502403369
0.5538460765278439
0.53979452229568459
0.52740039005046269
0.51652934364059755
0.50886218655536952
0.50366561233846729
0.50116870024995874
0.50026035727012252
0.50001583643215319
0.50001205608611521
0.5000028394245557
0.50001334880093451
0.50000695786904492
0.50020441737733234
0.50484723824833
0.5248662279282863
0.54298186463330655
